Ignore this first line. Format: isWhiteTurn, isRookCaptured, BKx, BKy, WKx, WKy, WRx, WRy. One line for 'key', next line for 'value'.
1 0 2 1 0 1 0 0
0 0 2 1 0 2 0 0
1 0 2 1 0 2 0 0
0 0 2 1 0 1 0 0
1 0 1 2 1 0 0 0
0 0 1 2 2 0 0 0
1 0 1 2 2 0 0 0
0 0 1 2 1 0 0 0
1 0 2 2 1 0 0 0
0 0 2 2 1 0 0 2
1 0 2 2 2 0 0 0
0 0 2 2 2 0 0 2
1 0 2 2 0 1 0 0
0 0 2 2 0 1 2 0
1 0 2 2 0 2 0 0
0 0 2 2 0 2 2 0
1 0 0 1 2 0 1 0
0 0 0 1 2 1 1 0
1 0 0 1 2 1 1 0
0 0 0 1 2 1 2 0
1 0 0 1 2 2 1 0
0 0 0 1 2 1 1 0
1 0 2 1 0 0 1 0
0 0 2 1 0 1 1 0
1 0 2 1 0 1 1 0
0 0 2 1 0 1 0 0
1 0 2 1 0 2 1 0
0 0 2 1 0 2 0 0
1 0 0 2 0 0 1 0
0 0 0 2 0 0 2 0
1 0 0 2 2 0 1 0
0 0 0 2 2 1 1 0
1 0 0 2 2 1 1 0
0 0 0 2 2 1 0 0
1 0 0 2 2 2 1 0
0 0 0 2 2 2 0 0
1 0 2 2 0 0 1 0
0 0 2 2 0 1 1 0
1 0 2 2 2 0 1 0
0 0 2 2 2 0 0 0
1 0 2 2 0 1 1 0
0 0 2 2 0 1 2 0
1 0 2 2 0 2 1 0
0 0 2 2 0 2 2 0
1 0 0 1 2 1 2 0
0 0 0 1 2 1 1 0
1 0 0 1 2 2 2 0
0 0 0 1 2 1 2 0
1 0 0 2 0 0 2 0
0 0 0 2 0 0 2 2
1 0 0 2 1 0 2 0
0 0 0 2 1 0 2 2
1 0 0 2 2 1 2 0
0 0 0 2 2 1 0 0
1 0 0 2 2 2 2 0
0 0 0 2 2 2 0 0
1 0 1 2 0 0 2 0
0 0 1 2 1 0 2 0
1 0 1 2 1 0 2 0
0 0 1 2 0 0 2 0
1 0 1 0 0 2 0 1
0 0 1 0 1 2 0 1
1 0 1 0 1 2 0 1
0 0 1 0 1 2 2 1
1 0 1 0 2 2 0 1
0 0 1 0 1 2 0 1
1 0 2 0 0 0 0 1
0 0 2 0 0 0 0 2
1 0 2 0 0 2 0 1
0 0 2 0 1 2 0 1
1 0 2 0 1 2 0 1
0 0 2 0 1 2 0 0
1 0 2 0 2 2 0 1
0 0 2 0 2 2 0 0
1 0 1 2 0 0 0 1
0 0 1 2 1 0 0 1
1 0 1 2 1 0 0 1
0 0 1 2 1 0 0 0
1 0 1 2 2 0 0 1
0 0 1 2 2 0 0 0
1 0 2 2 0 0 0 1
0 0 2 2 1 0 0 1
1 0 2 2 1 0 0 1
0 0 2 2 1 0 0 2
1 0 2 2 2 0 0 1
0 0 2 2 2 0 0 2
1 0 2 2 0 2 0 1
0 0 2 2 0 2 0 0
1 0 0 0 2 0 1 1
0 0 0 0 2 0 1 0
1 0 0 0 2 1 1 1
0 0 0 0 2 1 1 0
1 0 0 0 0 2 1 1
0 0 0 0 0 2 0 1
1 0 0 0 1 2 1 1
0 0 0 0 1 2 0 1
1 0 0 0 2 2 1 1
0 0 0 0 2 2 2 1
1 0 2 0 0 0 1 1
0 0 2 0 0 0 1 0
1 0 2 0 0 1 1 1
0 0 2 0 0 1 1 0
1 0 2 0 0 2 1 1
0 0 2 0 0 2 0 1
1 0 2 0 1 2 1 1
0 0 2 0 1 2 0 1
1 0 2 0 2 2 1 1
0 0 2 0 2 2 0 1
1 0 0 2 0 0 1 1
0 0 0 2 0 0 0 1
1 0 0 2 1 0 1 1
0 0 0 2 1 0 0 1
1 0 0 2 2 0 1 1
0 0 0 2 2 0 2 1
1 0 0 2 2 1 1 1
0 0 0 2 2 1 1 0
1 0 0 2 2 2 1 1
0 0 0 2 2 2 1 0
1 0 2 2 0 0 1 1
0 0 2 2 0 0 0 1
1 0 2 2 1 0 1 1
0 0 2 2 1 0 0 1
1 0 2 2 2 0 1 1
0 0 2 2 2 0 0 1
1 0 2 2 0 1 1 1
0 0 2 2 0 1 1 0
1 0 2 2 0 2 1 1
0 0 2 2 0 2 1 0
1 0 0 0 2 0 2 1
0 0 0 0 2 0 2 2
1 0 0 0 0 2 2 1
0 0 0 0 0 2 2 0
1 0 0 0 1 2 2 1
0 0 0 0 1 2 2 0
1 0 0 0 2 2 2 1
0 0 0 0 1 2 2 1
1 0 1 0 0 2 2 1
0 0 1 0 1 2 2 1
1 0 1 0 1 2 2 1
0 0 1 0 1 2 0 1
1 0 1 0 2 2 2 1
0 0 1 0 1 2 2 1
1 0 0 2 0 0 2 1
0 0 0 2 0 0 2 2
1 0 0 2 1 0 2 1
0 0 0 2 1 0 2 2
1 0 0 2 2 0 2 1
0 0 0 2 1 0 2 1
1 0 0 2 2 2 2 1
0 0 0 2 2 2 2 0
1 0 1 2 0 0 2 1
0 0 1 2 1 0 2 1
1 0 1 2 1 0 2 1
0 0 1 2 1 0 0 1
1 0 1 2 2 0 2 1
0 0 1 2 1 0 2 1
1 0 1 0 1 2 0 2
0 0 1 0 1 2 0 1
1 0 1 0 2 2 0 2
0 0 1 0 1 2 0 2
1 0 2 0 0 0 0 2
0 0 2 0 0 0 2 2
1 0 2 0 0 1 0 2
0 0 2 0 0 1 2 2
1 0 2 0 1 2 0 2
0 0 2 0 1 2 0 0
1 0 2 0 2 2 0 2
0 0 2 0 2 2 0 0
1 0 2 1 0 0 0 2
0 0 2 1 0 1 0 2
1 0 2 1 0 1 0 2
0 0 2 1 0 0 0 2
1 0 0 0 2 0 1 2
0 0 0 0 2 0 0 2
1 0 0 0 2 1 1 2
0 0 0 0 2 1 0 2
1 0 0 0 0 2 1 2
0 0 0 0 0 2 2 2
1 0 0 0 2 2 1 2
0 0 0 0 2 1 1 2
1 0 2 0 0 0 1 2
0 0 2 0 0 0 2 2
1 0 2 0 0 1 1 2
0 0 2 0 0 1 2 2
1 0 2 0 0 2 1 2
0 0 2 0 0 1 1 2
1 0 2 0 2 2 1 2
0 0 2 0 2 2 0 2
1 0 0 1 2 0 1 2
0 0 0 1 2 1 1 2
1 0 0 1 2 1 1 2
0 0 0 1 2 1 1 0
1 0 0 1 2 2 1 2
0 0 0 1 2 1 1 2
1 0 2 1 0 0 1 2
0 0 2 1 0 1 1 2
1 0 2 1 0 1 1 2
0 0 2 1 0 1 0 2
1 0 2 1 0 2 1 2
0 0 2 1 0 1 1 2
1 0 0 0 2 0 2 2
0 0 0 0 2 0 0 2
1 0 0 0 2 1 2 2
0 0 0 0 2 1 0 2
1 0 0 0 0 2 2 2
0 0 0 0 0 2 2 0
1 0 0 0 1 2 2 2
0 0 0 0 1 2 2 0
1 0 1 0 0 2 2 2
0 0 1 0 1 2 2 2
1 0 1 0 1 2 2 2
0 0 1 0 0 2 2 2
1 0 0 1 2 0 2 2
0 0 0 1 2 1 2 2
1 0 0 1 2 1 2 2
0 0 0 1 2 0 2 2
